solid STL generated by MeshLab
  facet normal  0.000000e+00  0.000000e+00  1.000000e+00
    outer loop
      vertex   1.314497e-02 -1.081500e+00  3.149610e-01
      vertex   0.000000e+00  2.211384e+00  3.149610e-01
      vertex   0.000000e+00 -9.382219e-01  3.149610e-01
    endloop
  endfacet
  facet normal  0.000000e+00  0.000000e+00 -1.000000e+00
    outer loop
      vertex   0.000000e+00 -9.382219e-01  3.149610e-01
      vertex   0.000000e+00  2.211384e+00  3.149610e-01
      vertex   1.314497e-02 -1.081500e+00  3.149610e-01
    endloop
  endfacet
  facet normal -9.958178e-01 -9.136085e-02  0.000000e+00
    outer loop
      vertex   0.000000e+00 -9.382219e-01  3.149610e-01
      vertex   1.314497e-02 -1.081500e+00 -4.015748e+00
      vertex   1.314497e-02 -1.081500e+00  3.149610e-01
    endloop
  endfacet
  facet normal  9.958178e-01  9.136085e-02  0.000000e+00
    outer loop
      vertex   1.314497e-02 -1.081500e+00  3.149610e-01
      vertex   1.314497e-02 -1.081500e+00 -4.015748e+00
      vertex   0.000000e+00 -9.382219e-01  3.149610e-01
    endloop
  endfacet
  facet normal  0.000000e+00  0.000000e+00  1.000000e+00
    outer loop
      vertex   5.528498e-02 -1.228060e+00  3.149610e-01
      vertex   0.000000e+00  2.211384e+00  3.149610e-01
      vertex   1.314497e-02 -1.081500e+00  3.149610e-01
    endloop
  endfacet
  facet normal  0.000000e+00  0.000000e+00 -1.000000e+00
    outer loop
      vertex   1.314497e-02 -1.081500e+00  3.149610e-01
      vertex   0.000000e+00  2.211384e+00  3.149610e-01
      vertex   5.528498e-02 -1.228060e+00  3.149610e-01
    endloop
  endfacet
  facet normal -1.000000e+00 -0.000000e+00  0.000000e+00
    outer loop
      vertex   0.000000e+00  2.211384e+00  3.149610e-01
      vertex   0.000000e+00 -9.382219e-01 -4.015748e+00
      vertex   0.000000e+00 -9.382219e-01  3.149610e-01
    endloop
  endfacet
  facet normal  1.000000e+00 -0.000000e+00  0.000000e+00
    outer loop
      vertex   0.000000e+00 -9.382219e-01  3.149610e-01
      vertex   0.000000e+00 -9.382219e-01 -4.015748e+00
      vertex   0.000000e+00  2.211384e+00  3.149610e-01
    endloop
  endfacet
  facet normal -9.958178e-01 -9.136085e-02  0.000000e+00
    outer loop
      vertex   0.000000e+00 -9.382219e-01 -4.015748e+00
      vertex   1.314497e-02 -1.081500e+00 -4.015748e+00
      vertex   0.000000e+00 -9.382219e-01  3.149610e-01
    endloop
  endfacet
  facet normal  9.958178e-01  9.136085e-02  0.000000e+00
    outer loop
      vertex   0.000000e+00 -9.382219e-01  3.149610e-01
      vertex   1.314497e-02 -1.081500e+00 -4.015748e+00
      vertex   0.000000e+00 -9.382219e-01 -4.015748e+00
    endloop
  endfacet
  facet normal -9.610624e-01 -2.763318e-01  0.000000e+00
    outer loop
      vertex   1.314497e-02 -1.081500e+00 -4.015748e+00
      vertex   5.528498e-02 -1.228060e+00 -4.015748e+00
      vertex   1.314497e-02 -1.081500e+00  3.149610e-01
    endloop
  endfacet
  facet normal  9.610624e-01  2.763318e-01  0.000000e+00
    outer loop
      vertex   1.314497e-02 -1.081500e+00  3.149610e-01
      vertex   5.528498e-02 -1.228060e+00 -4.015748e+00
      vertex   1.314497e-02 -1.081500e+00 -4.015748e+00
    endloop
  endfacet
  facet normal -9.610624e-01 -2.763318e-01  0.000000e+00
    outer loop
      vertex   1.314497e-02 -1.081500e+00  3.149610e-01
      vertex   5.528498e-02 -1.228060e+00 -4.015748e+00
      vertex   5.528498e-02 -1.228060e+00  3.149610e-01
    endloop
  endfacet
  facet normal  9.610624e-01  2.763318e-01  0.000000e+00
    outer loop
      vertex   5.528498e-02 -1.228060e+00  3.149610e-01
      vertex   5.528498e-02 -1.228060e+00 -4.015748e+00
      vertex   1.314497e-02 -1.081500e+00  3.149610e-01
    endloop
  endfacet
  facet normal  0.000000e+00  0.000000e+00  1.000000e+00
    outer loop
      vertex   5.528498e-02 -1.228060e+00  3.149610e-01
      vertex   4.724383e-02 -3.271019e-02  3.149610e-01
      vertex   0.000000e+00  2.211384e+00  3.149610e-01
    endloop
  endfacet
  facet normal -0.000000e+00  0.000000e+00  1.000000e+00
    outer loop
      vertex   4.724383e-02 -3.271019e-02  3.149610e-01
      vertex   5.528498e-02 -1.228060e+00  3.149610e-01
      vertex   1.968498e-01 -3.271019e-02  3.149610e-01
    endloop
  endfacet
  facet normal  0.000000e+00  0.000000e+00  1.000000e+00
    outer loop
      vertex   1.968498e-01 -3.271019e-02  3.149610e-01
      vertex   5.528498e-02 -1.228060e+00  3.149610e-01
      vertex   8.796597e-02 -1.299871e+00  3.149610e-01
    endloop
  endfacet
  facet normal  0.000000e+00  0.000000e+00  1.000000e+00
    outer loop
      vertex   0.000000e+00  2.211384e+00  3.149610e-01
      vertex   4.724383e-02  1.305872e+00  3.149610e-01
      vertex   1.968498e-01  1.305872e+00  3.149610e-01
    endloop
  endfacet
  facet normal  0.000000e+00  0.000000e+00  1.000000e+00
    outer loop
      vertex   4.724383e-02  1.305872e+00  3.149610e-01
      vertex   0.000000e+00  2.211384e+00  3.149610e-01
      vertex   4.724383e-02 -3.271019e-02  3.149610e-01
    endloop
  endfacet
  facet normal  0.000000e+00  0.000000e+00 -1.000000e+00
    outer loop
      vertex   4.724383e-02 -3.271019e-02  3.149610e-01
      vertex   0.000000e+00  2.211384e+00  3.149610e-01
      vertex   4.724383e-02  1.305872e+00  3.149610e-01
    endloop
  endfacet
  facet normal  0.000000e+00  0.000000e+00 -1.000000e+00
    outer loop
      vertex   1.968498e-01  1.305872e+00  3.149610e-01
      vertex   4.724383e-02  1.305872e+00  3.149610e-01
      vertex   0.000000e+00  2.211384e+00  3.149610e-01
    endloop
  endfacet
  facet normal  0.000000e+00  0.000000e+00 -1.000000e+00
    outer loop
      vertex   8.796597e-02 -1.299871e+00  3.149610e-01
      vertex   5.528498e-02 -1.228060e+00  3.149610e-01
      vertex   1.968498e-01 -3.271019e-02  3.149610e-01
    endloop
  endfacet
  facet normal -0.000000e+00  0.000000e+00 -1.000000e+00
    outer loop
      vertex   1.968498e-01 -3.271019e-02  3.149610e-01
      vertex   5.528498e-02 -1.228060e+00  3.149610e-01
      vertex   4.724383e-02 -3.271019e-02  3.149610e-01
    endloop
  endfacet
  facet normal  0.000000e+00  0.000000e+00 -1.000000e+00
    outer loop
      vertex   0.000000e+00  2.211384e+00  3.149610e-01
      vertex   4.724383e-02 -3.271019e-02  3.149610e-01
      vertex   5.528498e-02 -1.228060e+00  3.149610e-01
    endloop
  endfacet
  facet normal -1.000000e+00  0.000000e+00  0.000000e+00
    outer loop
      vertex   0.000000e+00  2.211384e+00 -4.015748e+00
      vertex   0.000000e+00 -9.382219e-01 -4.015748e+00
      vertex   0.000000e+00  2.211384e+00  3.149610e-01
    endloop
  endfacet
  facet normal  1.000000e+00  0.000000e+00  0.000000e+00
    outer loop
      vertex   0.000000e+00  2.211384e+00  3.149610e-01
      vertex   0.000000e+00 -9.382219e-01 -4.015748e+00
      vertex   0.000000e+00  2.211384e+00 -4.015748e+00
    endloop
  endfacet
  facet normal -0.000000e+00  0.000000e+00 -1.000000e+00
    outer loop
      vertex   5.960083e-02 -1.072903e+00 -4.015748e+00
      vertex   1.314497e-02 -1.081500e+00 -4.015748e+00
      vertex   0.000000e+00 -9.382219e-01 -4.015748e+00
    endloop
  endfacet
  facet normal  0.000000e+00  0.000000e+00  1.000000e+00
    outer loop
      vertex   0.000000e+00 -9.382219e-01 -4.015748e+00
      vertex   1.314497e-02 -1.081500e+00 -4.015748e+00
      vertex   5.960083e-02 -1.072903e+00 -4.015748e+00
    endloop
  endfacet
  facet normal -0.000000e+00  0.000000e+00 -1.000000e+00
    outer loop
      vertex   9.921193e-02 -1.210670e+00 -4.015748e+00
      vertex   5.528498e-02 -1.228060e+00 -4.015748e+00
      vertex   1.314497e-02 -1.081500e+00 -4.015748e+00
    endloop
  endfacet
  facet normal  0.000000e+00  0.000000e+00  1.000000e+00
    outer loop
      vertex   1.314497e-02 -1.081500e+00 -4.015748e+00
      vertex   5.528498e-02 -1.228060e+00 -4.015748e+00
      vertex   9.921193e-02 -1.210670e+00 -4.015748e+00
    endloop
  endfacet
  facet normal -9.101776e-01 -4.142182e-01  0.000000e+00
    outer loop
      vertex   5.528498e-02 -1.228060e+00 -4.015748e+00
      vertex   8.796597e-02 -1.299871e+00 -4.015748e+00
      vertex   5.528498e-02 -1.228060e+00  3.149610e-01
    endloop
  endfacet
  facet normal  9.101776e-01  4.142182e-01  0.000000e+00
    outer loop
      vertex   5.528498e-02 -1.228060e+00  3.149610e-01
      vertex   8.796597e-02 -1.299871e+00 -4.015748e+00
      vertex   5.528498e-02 -1.228060e+00 -4.015748e+00
    endloop
  endfacet
  facet normal -9.101776e-01 -4.142182e-01  0.000000e+00
    outer loop
      vertex   5.528498e-02 -1.228060e+00  3.149610e-01
      vertex   8.796597e-02 -1.299871e+00 -4.015748e+00
      vertex   8.796597e-02 -1.299871e+00  3.149610e-01
    endloop
  endfacet
  facet normal  9.101776e-01  4.142182e-01  0.000000e+00
    outer loop
      vertex   8.796597e-02 -1.299871e+00  3.149610e-01
      vertex   8.796597e-02 -1.299871e+00 -4.015748e+00
      vertex   5.528498e-02 -1.228060e+00  3.149610e-01
    endloop
  endfacet
  facet normal  0.000000e+00  0.000000e+00  1.000000e+00
    outer loop
      vertex   1.968498e-01 -3.271019e-02  3.149610e-01
      vertex   8.796597e-02 -1.299871e+00  3.149610e-01
      vertex   1.283500e-01 -1.369096e+00  3.149610e-01
    endloop
  endfacet
  facet normal  0.000000e+00  0.000000e+00 -1.000000e+00
    outer loop
      vertex   1.283500e-01 -1.369096e+00  3.149610e-01
      vertex   8.796597e-02 -1.299871e+00  3.149610e-01
      vertex   1.968498e-01 -3.271019e-02  3.149610e-01
    endloop
  endfacet
  facet normal  0.000000e+00  1.000000e+00  0.000000e+00
    outer loop
      vertex   4.724383e-02 -3.271019e-02  3.149610e-01
      vertex   4.409449e-01 -3.271019e-02  2.755909e-01
      vertex   4.724383e-02 -3.271019e-02  2.755909e-01
    endloop
  endfacet
  facet normal  0.000000e+00  1.000000e+00 -0.000000e+00
    outer loop
      vertex   4.409449e-01 -3.271019e-02  2.755909e-01
      vertex   4.724383e-02 -3.271019e-02  3.149610e-01
      vertex   4.409449e-01 -3.271019e-02  3.149610e-01
    endloop
  endfacet
  facet normal  0.000000e+00  0.000000e+00  0.000000e+00
    outer loop
      vertex   4.409449e-01 -3.271019e-02  3.149610e-01
      vertex   4.724383e-02 -3.271019e-02  3.149610e-01
      vertex   1.968498e-01 -3.271019e-02  3.149610e-01
    endloop
  endfacet
  facet normal  0.000000e+00  0.000000e+00 -0.000000e+00
    outer loop
      vertex   1.968498e-01 -3.271019e-02  3.149610e-01
      vertex   4.724383e-02 -3.271019e-02  3.149610e-01
      vertex   4.409449e-01 -3.271019e-02  3.149610e-01
    endloop
  endfacet
  facet normal -0.000000e+00 -1.000000e+00 -0.000000e+00
    outer loop
      vertex   4.409449e-01 -3.271019e-02  3.149610e-01
      vertex   4.724383e-02 -3.271019e-02  3.149610e-01
      vertex   4.409449e-01 -3.271019e-02  2.755909e-01
    endloop
  endfacet
  facet normal  0.000000e+00 -1.000000e+00  0.000000e+00
    outer loop
      vertex   4.724383e-02 -3.271019e-02  2.755909e-01
      vertex   4.409449e-01 -3.271019e-02  2.755909e-01
      vertex   4.724383e-02 -3.271019e-02  3.149610e-01
    endloop
  endfacet
  facet normal  1.000000e+00  0.000000e+00  0.000000e+00
    outer loop
      vertex   4.724383e-02  1.305872e+00  2.755909e-01
      vertex   4.724383e-02 -3.271019e-02  3.149610e-01
      vertex   4.724383e-02 -3.271019e-02  2.755909e-01
    endloop
  endfacet
  facet normal  1.000000e+00 -0.000000e+00  0.000000e+00
    outer loop
      vertex   4.724383e-02 -3.271019e-02  3.149610e-01
      vertex   4.724383e-02  1.305872e+00  2.755909e-01
      vertex   4.724383e-02  1.305872e+00  3.149610e-01
    endloop
  endfacet
  facet normal -1.000000e+00 -0.000000e+00 -0.000000e+00
    outer loop
      vertex   4.724383e-02  1.305872e+00  3.149610e-01
      vertex   4.724383e-02  1.305872e+00  2.755909e-01
      vertex   4.724383e-02 -3.271019e-02  3.149610e-01
    endloop
  endfacet
  facet normal -1.000000e+00  0.000000e+00  0.000000e+00
    outer loop
      vertex   4.724383e-02 -3.271019e-02  2.755909e-01
      vertex   4.724383e-02 -3.271019e-02  3.149610e-01
      vertex   4.724383e-02  1.305872e+00  2.755909e-01
    endloop
  endfacet
  facet normal  0.000000e+00 -1.000000e+00 -0.000000e+00
    outer loop
      vertex   4.409449e-01  1.305872e+00  3.149610e-01
      vertex   4.724383e-02  1.305872e+00  2.755909e-01
      vertex   4.409449e-01  1.305872e+00  2.755909e-01
    endloop
  endfacet
  facet normal  0.000000e+00 -1.000000e+00  0.000000e+00
    outer loop
      vertex   4.724383e-02  1.305872e+00  2.755909e-01
      vertex   4.409449e-01  1.305872e+00  3.149610e-01
      vertex   4.724383e-02  1.305872e+00  3.149610e-01
    endloop
  endfacet
  facet normal  0.000000e+00  0.000000e+00  0.000000e+00
    outer loop
      vertex   4.724383e-02  1.305872e+00  3.149610e-01
      vertex   4.409449e-01  1.305872e+00  3.149610e-01
      vertex   1.968498e-01  1.305872e+00  3.149610e-01
    endloop
  endfacet
  facet normal  0.000000e+00 -0.000000e+00  0.000000e+00
    outer loop
      vertex   1.968498e-01  1.305872e+00  3.149610e-01
      vertex   4.409449e-01  1.305872e+00  3.149610e-01
      vertex   4.724383e-02  1.305872e+00  3.149610e-01
    endloop
  endfacet
  facet normal -0.000000e+00  1.000000e+00  0.000000e+00
    outer loop
      vertex   4.724383e-02  1.305872e+00  3.149610e-01
      vertex   4.409449e-01  1.305872e+00  3.149610e-01
      vertex   4.724383e-02  1.305872e+00  2.755909e-01
    endloop
  endfacet
  facet normal  0.000000e+00  1.000000e+00 -0.000000e+00
    outer loop
      vertex   4.409449e-01  1.305872e+00  2.755909e-01
      vertex   4.724383e-02  1.305872e+00  2.755909e-01
      vertex   4.409449e-01  1.305872e+00  3.149610e-01
    endloop
  endfacet
  facet normal  0.000000e+00  0.000000e+00  1.000000e+00
    outer loop
      vertex   5.905509e-01 -3.271019e-02  3.149610e-01
      vertex   4.409449e-01  6.571501e-02  3.149610e-01
      vertex   4.409449e-01 -3.271019e-02  3.149610e-01
    endloop
  endfacet
  facet normal -0.000000e+00  0.000000e+00  1.000000e+00
    outer loop
      vertex   4.409449e-01  6.571501e-02  3.149610e-01
      vertex   5.905509e-01 -3.271019e-02  3.149610e-01
      vertex   4.409449e-01  1.207447e+00  3.149610e-01
    endloop
  endfacet
  facet normal -0.000000e+00  0.000000e+00  1.000000e+00
    outer loop
      vertex   4.409449e-01  1.207447e+00  3.149610e-01
      vertex   5.905509e-01 -3.271019e-02  3.149610e-01
      vertex   4.409449e-01  1.305872e+00  3.149610e-01
    endloop
  endfacet
  facet normal  0.000000e+00  0.000000e+00  1.000000e+00
    outer loop
      vertex   6.441240e-01 -1.712478e+00  3.149610e-01
      vertex   5.905509e-01  6.571501e-02  3.149610e-01
      vertex   5.905509e-01 -3.271019e-02  3.149610e-01
    endloop
  endfacet
  facet normal  0.000000e+00 -0.000000e+00  1.000000e+00
    outer loop
      vertex   1.968498e-01  1.305872e+00  3.149610e-01
      vertex   5.905509e-01  1.305872e+00  3.149610e-01
      vertex   0.000000e+00  2.211384e+00  3.149610e-01
    endloop
  endfacet
  facet normal  0.000000e+00  0.000000e+00  0.000000e+00
    outer loop
      vertex   5.905509e-01  1.305872e+00  3.149610e-01
      vertex   1.968498e-01  1.305872e+00  3.149610e-01
      vertex   4.409449e-01  1.305872e+00  3.149610e-01
    endloop
  endfacet
  facet normal  0.000000e+00  0.000000e+00  1.000000e+00
    outer loop
      vertex   5.905509e-01  1.305872e+00  3.149610e-01
      vertex   4.409449e-01  1.305872e+00  3.149610e-01
      vertex   5.905509e-01 -3.271019e-02  3.149610e-01
    endloop
  endfacet
  facet normal  0.000000e+00  0.000000e+00  0.000000e+00
    outer loop
      vertex   5.905509e-01  1.305872e+00  3.149610e-01
      vertex   5.905509e-01 -3.271019e-02  3.149610e-01
      vertex   5.905509e-01  6.571501e-02  3.149610e-01
    endloop
  endfacet
  facet normal  0.000000e+00  0.000000e+00  1.000000e+00
    outer loop
      vertex   5.905509e-01  1.305872e+00  3.149610e-01
      vertex   5.905509e-01  6.571501e-02  3.149610e-01
      vertex   7.874019e-01 -1.725624e+00  3.149610e-01
    endloop
  endfacet
  facet normal  0.000000e+00  0.000000e+00  1.000000e+00
    outer loop
      vertex   4.409449e-01  6.571501e-02  3.149610e-01
      vertex   2.834649e-01  1.207447e+00  3.149610e-01
      vertex   2.834649e-01  6.571501e-02  3.149610e-01
    endloop
  endfacet
  facet normal -0.000000e+00  0.000000e+00  1.000000e+00
    outer loop
      vertex   2.834649e-01  1.207447e+00  3.149610e-01
      vertex   4.409449e-01  6.571501e-02  3.149610e-01
      vertex   4.409449e-01  1.207447e+00  3.149610e-01
    endloop
  endfacet
  facet normal -0.000000e+00 -0.000000e+00 -1.000000e+00
    outer loop
      vertex   4.409449e-01  1.207447e+00  3.149610e-01
      vertex   4.409449e-01  6.571501e-02  3.149610e-01
      vertex   2.834649e-01  1.207447e+00  3.149610e-01
    endloop
  endfacet
  facet normal  0.000000e+00  0.000000e+00 -1.000000e+00
    outer loop
      vertex   2.834649e-01  6.571501e-02  3.149610e-01
      vertex   2.834649e-01  1.207447e+00  3.149610e-01
      vertex   4.409449e-01  6.571501e-02  3.149610e-01
    endloop
  endfacet
  facet normal  0.000000e+00  0.000000e+00 -1.000000e+00
    outer loop
      vertex   7.874019e-01 -1.725624e+00  3.149610e-01
      vertex   5.905509e-01  6.571501e-02  3.149610e-01
      vertex   5.905509e-01  1.305872e+00  3.149610e-01
    endloop
  endfacet
  facet normal -0.000000e+00  0.000000e+00  0.000000e+00
    outer loop
      vertex   5.905509e-01  6.571501e-02  3.149610e-01
      vertex   5.905509e-01 -3.271019e-02  3.149610e-01
      vertex   5.905509e-01  1.305872e+00  3.149610e-01
    endloop
  endfacet
  facet normal  0.000000e+00  0.000000e+00 -1.000000e+00
    outer loop
      vertex   5.905509e-01 -3.271019e-02  3.149610e-01
      vertex   4.409449e-01  1.305872e+00  3.149610e-01
      vertex   5.905509e-01  1.305872e+00  3.149610e-01
    endloop
  endfacet
  facet normal  0.000000e+00  0.000000e+00 -0.000000e+00
    outer loop
      vertex   4.409449e-01  1.305872e+00  3.149610e-01
      vertex   1.968498e-01  1.305872e+00  3.149610e-01
      vertex   5.905509e-01  1.305872e+00  3.149610e-01
    endloop
  endfacet
  facet normal  0.000000e+00  0.000000e+00 -1.000000e+00
    outer loop
      vertex   0.000000e+00  2.211384e+00  3.149610e-01
      vertex   5.905509e-01  1.305872e+00  3.149610e-01
      vertex   1.968498e-01  1.305872e+00  3.149610e-01
    endloop
  endfacet
  facet normal  0.000000e+00  0.000000e+00 -1.000000e+00
    outer loop
      vertex   5.905509e-01 -3.271019e-02  3.149610e-01
      vertex   5.905509e-01  6.571501e-02  3.149610e-01
      vertex   6.441240e-01 -1.712478e+00  3.149610e-01
    endloop
  endfacet
  facet normal  0.000000e+00  0.000000e+00 -1.000000e+00
    outer loop
      vertex   4.409449e-01  1.305872e+00  3.149610e-01
      vertex   5.905509e-01 -3.271019e-02  3.149610e-01
      vertex   4.409449e-01  1.207447e+00  3.149610e-01
    endloop
  endfacet
  facet normal  0.000000e+00  0.000000e+00 -1.000000e+00
    outer loop
      vertex   4.409449e-01  1.207447e+00  3.149610e-01
      vertex   5.905509e-01 -3.271019e-02  3.149610e-01
      vertex   4.409449e-01  6.571501e-02  3.149610e-01
    endloop
  endfacet
  facet normal  0.000000e+00  0.000000e+00 -1.000000e+00
    outer loop
      vertex   4.409449e-01 -3.271019e-02  3.149610e-01
      vertex   4.409449e-01  6.571501e-02  3.149610e-01
      vertex   5.905509e-01 -3.271019e-02  3.149610e-01
    endloop
  endfacet
  facet normal -9.958179e-01  9.136075e-02  0.000000e+00
    outer loop
      vertex   1.314497e-02  2.354662e+00  3.149610e-01
      vertex   0.000000e+00  2.211384e+00 -4.015748e+00
      vertex   0.000000e+00  2.211384e+00  3.149610e-01
    endloop
  endfacet
  facet normal  9.958179e-01 -9.136075e-02  0.000000e+00
    outer loop
      vertex   0.000000e+00  2.211384e+00  3.149610e-01
      vertex   0.000000e+00  2.211384e+00 -4.015748e+00
      vertex   1.314497e-02  2.354662e+00  3.149610e-01
    endloop
  endfacet
  facet normal  0.000000e+00  0.000000e+00 -1.000000e+00
    outer loop
      vertex   4.724383e-02 -9.382219e-01 -4.015748e+00
      vertex   0.000000e+00 -9.382219e-01 -4.015748e+00
      vertex   0.000000e+00  2.211384e+00 -4.015748e+00
    endloop
  endfacet
  facet normal  0.000000e+00  0.000000e+00  1.000000e+00
    outer loop
      vertex   0.000000e+00  2.211384e+00 -4.015748e+00
      vertex   0.000000e+00 -9.382219e-01 -4.015748e+00
      vertex   4.724383e-02 -9.382219e-01 -4.015748e+00
    endloop
  endfacet
  facet normal  0.000000e+00  0.000000e+00 -1.000000e+00
    outer loop
      vertex   5.960083e-02 -1.072903e+00 -4.015748e+00
      vertex   0.000000e+00 -9.382219e-01 -4.015748e+00
      vertex   4.724383e-02 -9.382219e-01 -4.015748e+00
    endloop
  endfacet
  facet normal  0.000000e+00  0.000000e+00  1.000000e+00
    outer loop
      vertex   4.724383e-02 -9.382219e-01 -4.015748e+00
      vertex   0.000000e+00 -9.382219e-01 -4.015748e+00
      vertex   5.960083e-02 -1.072903e+00 -4.015748e+00
    endloop
  endfacet
  facet normal  0.000000e+00  0.000000e+00 -1.000000e+00
    outer loop
      vertex   9.921193e-02 -1.210670e+00 -4.015748e+00
      vertex   1.314497e-02 -1.081500e+00 -4.015748e+00
      vertex   5.960083e-02 -1.072903e+00 -4.015748e+00
    endloop
  endfacet
  facet normal  0.000000e+00  0.000000e+00  1.000000e+00
    outer loop
      vertex   5.960083e-02 -1.072903e+00 -4.015748e+00
      vertex   1.314497e-02 -1.081500e+00 -4.015748e+00
      vertex   9.921193e-02 -1.210670e+00 -4.015748e+00
    endloop
  endfacet
  facet normal  0.000000e+00  0.000000e+00 -1.000000e+00
    outer loop
      vertex   1.678929e-01 -1.343244e+00 -4.015748e+00
      vertex   5.528498e-02 -1.228060e+00 -4.015748e+00
      vertex   9.921193e-02 -1.210670e+00 -4.015748e+00
    endloop
  endfacet
  facet normal  0.000000e+00  0.000000e+00  1.000000e+00
    outer loop
      vertex   9.921193e-02 -1.210670e+00 -4.015748e+00
      vertex   5.528498e-02 -1.228060e+00 -4.015748e+00
      vertex   1.678929e-01 -1.343244e+00 -4.015748e+00
    endloop
  endfacet
  facet normal  0.000000e+00  0.000000e+00 -1.000000e+00
    outer loop
      vertex   1.678929e-01 -1.343244e+00 -4.015748e+00
      vertex   8.796597e-02 -1.299871e+00 -4.015748e+00
      vertex   5.528498e-02 -1.228060e+00 -4.015748e+00
    endloop
  endfacet
  facet normal  0.000000e+00  0.000000e+00  1.000000e+00
    outer loop
      vertex   5.528498e-02 -1.228060e+00 -4.015748e+00
      vertex   8.796597e-02 -1.299871e+00 -4.015748e+00
      vertex   1.678929e-01 -1.343244e+00 -4.015748e+00
    endloop
  endfacet
  facet normal -8.637632e-01 -5.038980e-01  0.000000e+00
    outer loop
      vertex   8.796597e-02 -1.299871e+00 -4.015748e+00
      vertex   1.283500e-01 -1.369096e+00 -4.015748e+00
      vertex   8.796597e-02 -1.299871e+00  3.149610e-01
    endloop
  endfacet
  facet normal  8.637632e-01  5.038980e-01  0.000000e+00
    outer loop
      vertex   8.796597e-02 -1.299871e+00  3.149610e-01
      vertex   1.283500e-01 -1.369096e+00 -4.015748e+00
      vertex   8.796597e-02 -1.299871e+00 -4.015748e+00
    endloop
  endfacet
  facet normal -8.637632e-01 -5.038980e-01  0.000000e+00
    outer loop
      vertex   8.796597e-02 -1.299871e+00  3.149610e-01
      vertex   1.283500e-01 -1.369096e+00 -4.015748e+00
      vertex   1.283500e-01 -1.369096e+00  3.149610e-01
    endloop
  endfacet
  facet normal  8.637632e-01  5.038980e-01  0.000000e+00
    outer loop
      vertex   1.283500e-01 -1.369096e+00  3.149610e-01
      vertex   1.283500e-01 -1.369096e+00 -4.015748e+00
      vertex   8.796597e-02 -1.299871e+00  3.149610e-01
    endloop
  endfacet
  facet normal  0.000000e+00  0.000000e+00  1.000000e+00
    outer loop
      vertex   5.905509e-01 -3.271019e-02  3.149610e-01
      vertex   1.968498e-01 -3.271019e-02  3.149610e-01
      vertex   1.283500e-01 -1.369096e+00  3.149610e-01
    endloop
  endfacet
  facet normal  0.000000e+00  0.000000e+00  0.000000e+00
    outer loop
      vertex   1.968498e-01 -3.271019e-02  3.149610e-01
      vertex   5.905509e-01 -3.271019e-02  3.149610e-01
      vertex   4.409449e-01 -3.271019e-02  3.149610e-01
    endloop
  endfacet
  facet normal  0.000000e+00 -0.000000e+00  0.000000e+00
    outer loop
      vertex   4.409449e-01 -3.271019e-02  3.149610e-01
      vertex   5.905509e-01 -3.271019e-02  3.149610e-01
      vertex   1.968498e-01 -3.271019e-02  3.149610e-01
    endloop
  endfacet
  facet normal  0.000000e+00  0.000000e+00 -1.000000e+00
    outer loop
      vertex   1.283500e-01 -1.369096e+00  3.149610e-01
      vertex   1.968498e-01 -3.271019e-02  3.149610e-01
      vertex   5.905509e-01 -3.271019e-02  3.149610e-01
    endloop
  endfacet
  facet normal -1.000000e+00 -0.000000e+00  0.000000e+00
    outer loop
      vertex   4.409449e-01  6.571501e-02  3.149610e-01
      vertex   4.409449e-01 -3.271019e-02  2.755909e-01
      vertex   4.409449e-01 -3.271019e-02  3.149610e-01
    endloop
  endfacet
  facet normal -1.000000e+00  0.000000e+00  0.000000e+00
    outer loop
      vertex   4.409449e-01 -3.271019e-02  2.755909e-01
      vertex   4.409449e-01  6.571501e-02  3.149610e-01
      vertex   4.409449e-01  6.571501e-02  2.755909e-01
    endloop
  endfacet
  facet normal  1.000000e+00  0.000000e+00 -0.000000e+00
    outer loop
      vertex   4.409449e-01  6.571501e-02  2.755909e-01
      vertex   4.409449e-01  6.571501e-02  3.149610e-01
      vertex   4.409449e-01 -3.271019e-02  2.755909e-01
    endloop
  endfacet
  facet normal  1.000000e+00 -0.000000e+00  0.000000e+00
    outer loop
      vertex   4.409449e-01 -3.271019e-02  3.149610e-01
      vertex   4.409449e-01 -3.271019e-02  2.755909e-01
      vertex   4.409449e-01  6.571501e-02  3.149610e-01
    endloop
  endfacet
  facet normal -0.000000e+00  0.000000e+00 -1.000000e+00
    outer loop
      vertex   4.409449e-01 -3.271019e-02  2.755909e-01
      vertex   4.724383e-02 -9.382219e-01  2.755909e-01
      vertex   4.724383e-02 -3.271019e-02  2.755909e-01
    endloop
  endfacet
  facet normal  0.000000e+00  0.000000e+00 -1.000000e+00
    outer loop
      vertex   4.724383e-02 -9.382219e-01  2.755909e-01
      vertex   4.409449e-01 -3.271019e-02  2.755909e-01
      vertex   5.905509e-01 -3.271019e-02  2.755909e-01
    endloop
  endfacet
  facet normal  0.000000e+00  0.000000e+00  1.000000e+00
    outer loop
      vertex   5.905509e-01 -3.271019e-02  2.755909e-01
      vertex   4.409449e-01 -3.271019e-02  2.755909e-01
      vertex   4.724383e-02 -9.382219e-01  2.755909e-01
    endloop
  endfacet
  facet normal -0.000000e+00  0.000000e+00  1.000000e+00
    outer loop
      vertex   4.724383e-02 -3.271019e-02  2.755909e-01
      vertex   4.724383e-02 -9.382219e-01  2.755909e-01
      vertex   4.409449e-01 -3.271019e-02  2.755909e-01
    endloop
  endfacet
  facet normal  1.000000e+00  0.000000e+00  0.000000e+00
    outer loop
      vertex   4.724383e-02  2.211384e+00  2.755909e-01
      vertex   4.724383e-02 -9.382219e-01  2.755909e-01
      vertex   4.724383e-02 -9.382219e-01 -4.015748e+00
    endloop
  endfacet
  facet normal  0.000000e+00  0.000000e+00  0.000000e+00
    outer loop
      vertex   4.724383e-02 -9.382219e-01  2.755909e-01
      vertex   4.724383e-02  2.211384e+00  2.755909e-01
      vertex   4.724383e-02 -3.271019e-02  2.755909e-01
    endloop
  endfacet
  facet normal  0.000000e+00  0.000000e+00  0.000000e+00
    outer loop
      vertex   4.724383e-02 -3.271019e-02  2.755909e-01
      vertex   4.724383e-02  2.211384e+00  2.755909e-01
      vertex   4.724383e-02  1.305872e+00  2.755909e-01
    endloop
  endfacet
  facet normal  0.000000e+00  0.000000e+00 -0.000000e+00
    outer loop
      vertex   4.724383e-02  1.305872e+00  2.755909e-01
      vertex   4.724383e-02  2.211384e+00  2.755909e-01
      vertex   4.724383e-02 -3.271019e-02  2.755909e-01
    endloop
  endfacet
  facet normal  0.000000e+00  0.000000e+00 -0.000000e+00
    outer loop
      vertex   4.724383e-02 -3.271019e-02  2.755909e-01
      vertex   4.724383e-02  2.211384e+00  2.755909e-01
      vertex   4.724383e-02 -9.382219e-01  2.755909e-01
    endloop
  endfacet
  facet normal -1.000000e+00  0.000000e+00  0.000000e+00
    outer loop
      vertex   4.724383e-02 -9.382219e-01 -4.015748e+00
      vertex   4.724383e-02 -9.382219e-01  2.755909e-01
      vertex   4.724383e-02  2.211384e+00  2.755909e-01
    endloop
  endfacet
  facet normal  0.000000e+00  0.000000e+00 -1.000000e+00
    outer loop
      vertex   5.960083e-02  2.346065e+00  2.755909e-01
      vertex   4.724383e-02  1.305872e+00  2.755909e-01
      vertex   4.724383e-02  2.211384e+00  2.755909e-01
    endloop
  endfacet
  facet normal  0.000000e+00  0.000000e+00 -1.000000e+00
    outer loop
      vertex   4.724383e-02  1.305872e+00  2.755909e-01
      vertex   5.960083e-02  2.346065e+00  2.755909e-01
      vertex   4.409449e-01  1.305872e+00  2.755909e-01
    endloop
  endfacet
  facet normal  0.000000e+00  0.000000e+00 -1.000000e+00
    outer loop
      vertex   4.409449e-01  1.305872e+00  2.755909e-01
      vertex   5.960083e-02  2.346065e+00  2.755909e-01
      vertex   9.921193e-02  2.483832e+00  2.755909e-01
    endloop
  endfacet
  facet normal  0.000000e+00  0.000000e+00 -1.000000e+00
    outer loop
      vertex   4.409449e-01  1.305872e+00  2.755909e-01
      vertex   9.921193e-02  2.483832e+00  2.755909e-01
      vertex   1.678929e-01  2.616406e+00  2.755909e-01
    endloop
  endfacet
  facet normal  0.000000e+00  0.000000e+00 -1.000000e+00
    outer loop
      vertex   4.409449e-01  1.305872e+00  2.755909e-01
      vertex   1.678929e-01  2.616406e+00  2.755909e-01
      vertex   2.640309e-01  2.734754e+00  2.755909e-01
    endloop
  endfacet
  facet normal  0.000000e+00  0.000000e+00 -1.000000e+00
    outer loop
      vertex   4.409449e-01  1.305872e+00  2.755909e-01
      vertex   2.640309e-01  2.734754e+00  2.755909e-01
      vertex   5.905509e-01  1.305872e+00  2.755909e-01
    endloop
  endfacet
  facet normal  0.000000e+00  0.000000e+00  1.000000e+00
    outer loop
      vertex   5.905509e-01  1.305872e+00  2.755909e-01
      vertex   2.640309e-01  2.734754e+00  2.755909e-01
      vertex   4.409449e-01  1.305872e+00  2.755909e-01
    endloop
  endfacet
  facet normal  0.000000e+00  0.000000e+00  1.000000e+00
    outer loop
      vertex   2.640309e-01  2.734754e+00  2.755909e-01
      vertex   1.678929e-01  2.616406e+00  2.755909e-01
      vertex   4.409449e-01  1.305872e+00  2.755909e-01
    endloop
  endfacet
  facet normal  0.000000e+00  0.000000e+00  1.000000e+00
    outer loop
      vertex   1.678929e-01  2.616406e+00  2.755909e-01
      vertex   9.921193e-02  2.483832e+00  2.755909e-01
      vertex   4.409449e-01  1.305872e+00  2.755909e-01
    endloop
  endfacet
  facet normal  0.000000e+00  0.000000e+00  1.000000e+00
    outer loop
      vertex   9.921193e-02  2.483832e+00  2.755909e-01
      vertex   5.960083e-02  2.346065e+00  2.755909e-01
      vertex   4.409449e-01  1.305872e+00  2.755909e-01
    endloop
  endfacet
  facet normal  0.000000e+00  0.000000e+00  1.000000e+00
    outer loop
      vertex   4.409449e-01  1.305872e+00  2.755909e-01
      vertex   5.960083e-02  2.346065e+00  2.755909e-01
      vertex   4.724383e-02  1.305872e+00  2.755909e-01
    endloop
  endfacet
  facet normal -0.000000e+00  0.000000e+00  1.000000e+00
    outer loop
      vertex   4.724383e-02  2.211384e+00  2.755909e-01
      vertex   4.724383e-02  1.305872e+00  2.755909e-01
      vertex   5.960083e-02  2.346065e+00  2.755909e-01
    endloop
  endfacet
  facet normal -1.000000e+00 -0.000000e+00  0.000000e+00
    outer loop
      vertex   4.409449e-01  1.305872e+00  3.149610e-01
      vertex   4.409449e-01  1.207447e+00  2.755909e-01
      vertex   4.409449e-01  1.207447e+00  3.149610e-01
    endloop
  endfacet
  facet normal -1.000000e+00  0.000000e+00  0.000000e+00
    outer loop
      vertex   4.409449e-01  1.207447e+00  2.755909e-01
      vertex   4.409449e-01  1.305872e+00  3.149610e-01
      vertex   4.409449e-01  1.305872e+00  2.755909e-01
    endloop
  endfacet
  facet normal  1.000000e+00  0.000000e+00 -0.000000e+00
    outer loop
      vertex   4.409449e-01  1.305872e+00  2.755909e-01
      vertex   4.409449e-01  1.305872e+00  3.149610e-01
      vertex   4.409449e-01  1.207447e+00  2.755909e-01
    endloop
  endfacet
  facet normal  1.000000e+00 -0.000000e+00  0.000000e+00
    outer loop
      vertex   4.409449e-01  1.207447e+00  3.149610e-01
      vertex   4.409449e-01  1.207447e+00  2.755909e-01
      vertex   4.409449e-01  1.305872e+00  3.149610e-01
    endloop
  endfacet
  facet normal  0.000000e+00  1.000000e+00  0.000000e+00
    outer loop
      vertex   2.834649e-01  1.207447e+00  3.149610e-01
      vertex   4.409449e-01  1.207447e+00  2.755909e-01
      vertex   2.834649e-01  1.207447e+00  2.755909e-01
    endloop
  endfacet
  facet normal  0.000000e+00  1.000000e+00 -0.000000e+00
    outer loop
      vertex   4.409449e-01  1.207447e+00  2.755909e-01
      vertex   2.834649e-01  1.207447e+00  3.149610e-01
      vertex   4.409449e-01  1.207447e+00  3.149610e-01
    endloop
  endfacet
  facet normal -0.000000e+00 -1.000000e+00 -0.000000e+00
    outer loop
      vertex   4.409449e-01  1.207447e+00  3.149610e-01
      vertex   2.834649e-01  1.207447e+00  3.149610e-01
      vertex   4.409449e-01  1.207447e+00  2.755909e-01
    endloop
  endfacet
  facet normal  0.000000e+00 -1.000000e+00  0.000000e+00
    outer loop
      vertex   2.834649e-01  1.207447e+00  2.755909e-01
      vertex   4.409449e-01  1.207447e+00  2.755909e-01
      vertex   2.834649e-01  1.207447e+00  3.149610e-01
    endloop
  endfacet
  facet normal -1.000000e+00 -0.000000e+00  0.000000e+00
    outer loop
      vertex   2.834649e-01  1.207447e+00  3.149610e-01
      vertex   2.834649e-01  6.571501e-02  2.755909e-01
      vertex   2.834649e-01  6.571501e-02  3.149610e-01
    endloop
  endfacet
  facet normal -1.000000e+00  0.000000e+00  0.000000e+00
    outer loop
      vertex   2.834649e-01  6.571501e-02  2.755909e-01
      vertex   2.834649e-01  1.207447e+00  3.149610e-01
      vertex   2.834649e-01  1.207447e+00  2.755909e-01
    endloop
  endfacet
  facet normal  1.000000e+00  0.000000e+00 -0.000000e+00
    outer loop
      vertex   2.834649e-01  1.207447e+00  2.755909e-01
      vertex   2.834649e-01  1.207447e+00  3.149610e-01
      vertex   2.834649e-01  6.571501e-02  2.755909e-01
    endloop
  endfacet
  facet normal  1.000000e+00 -0.000000e+00  0.000000e+00
    outer loop
      vertex   2.834649e-01  6.571501e-02  3.149610e-01
      vertex   2.834649e-01  6.571501e-02  2.755909e-01
      vertex   2.834649e-01  1.207447e+00  3.149610e-01
    endloop
  endfacet
  facet normal  0.000000e+00 -1.000000e+00 -0.000000e+00
    outer loop
      vertex   4.409449e-01  6.571501e-02  3.149610e-01
      vertex   3.937008e-01  6.571501e-02  2.755909e-01
      vertex   4.409449e-01  6.571501e-02  2.755909e-01
    endloop
  endfacet
  facet normal  0.000000e+00 -1.000000e+00  0.000000e+00
    outer loop
      vertex   3.937008e-01  6.571501e-02  2.755909e-01
      vertex   4.409449e-01  6.571501e-02  3.149610e-01
      vertex   2.834649e-01  6.571501e-02  2.755909e-01
    endloop
  endfacet
  facet normal  0.000000e+00 -1.000000e+00  0.000000e+00
    outer loop
      vertex   2.834649e-01  6.571501e-02  2.755909e-01
      vertex   4.409449e-01  6.571501e-02  3.149610e-01
      vertex   2.834649e-01  6.571501e-02  3.149610e-01
    endloop
  endfacet
  facet normal -0.000000e+00  1.000000e+00  0.000000e+00
    outer loop
      vertex   2.834649e-01  6.571501e-02  3.149610e-01
      vertex   4.409449e-01  6.571501e-02  3.149610e-01
      vertex   2.834649e-01  6.571501e-02  2.755909e-01
    endloop
  endfacet
  facet normal  0.000000e+00  1.000000e+00  0.000000e+00
    outer loop
      vertex   2.834649e-01  6.571501e-02  2.755909e-01
      vertex   4.409449e-01  6.571501e-02  3.149610e-01
      vertex   3.937008e-01  6.571501e-02  2.755909e-01
    endloop
  endfacet
  facet normal  0.000000e+00  1.000000e+00 -0.000000e+00
    outer loop
      vertex   4.409449e-01  6.571501e-02  2.755909e-01
      vertex   3.937008e-01  6.571501e-02  2.755909e-01
      vertex   4.409449e-01  6.571501e-02  3.149610e-01
    endloop
  endfacet
  facet normal  0.000000e+00  0.000000e+00  1.000000e+00
    outer loop
      vertex   6.441240e-01 -1.712478e+00  3.149610e-01
      vertex   5.905509e-01 -3.271019e-02  3.149610e-01
      vertex   4.975629e-01 -1.670339e+00  3.149610e-01
    endloop
  endfacet
  facet normal  0.000000e+00  0.000000e+00 -1.000000e+00
    outer loop
      vertex   4.975629e-01 -1.670339e+00  3.149610e-01
      vertex   5.905509e-01 -3.271019e-02  3.149610e-01
      vertex   6.441240e-01 -1.712478e+00  3.149610e-01
    endloop
  endfacet
  facet normal  0.000000e+00  0.000000e+00  1.000000e+00
    outer loop
      vertex   7.874019e-01 -1.725624e+00  3.149610e-01
      vertex   5.905509e-01  6.571501e-02  3.149610e-01
      vertex   6.441240e-01 -1.712478e+00  3.149610e-01
    endloop
  endfacet
  facet normal  0.000000e+00  0.000000e+00 -1.000000e+00
    outer loop
      vertex   6.441240e-01 -1.712478e+00  3.149610e-01
      vertex   5.905509e-01  6.571501e-02  3.149610e-01
      vertex   7.874019e-01 -1.725624e+00  3.149610e-01
    endloop
  endfacet
  facet normal  0.000000e+00  0.000000e+00  1.000000e+00
    outer loop
      vertex   7.874019e-01 -1.725624e+00  3.149610e-01
      vertex   4.975629e-01  2.943501e+00  3.149610e-01
      vertex   5.905509e-01  1.305872e+00  3.149610e-01
    endloop
  endfacet
  facet normal  0.000000e+00  0.000000e+00 -1.000000e+00
    outer loop
      vertex   5.905509e-01  1.305872e+00  3.149610e-01
      vertex   4.975629e-01  2.943501e+00  3.149610e-01
      vertex   7.874019e-01 -1.725624e+00  3.149610e-01
    endloop
  endfacet
  facet normal  0.000000e+00  0.000000e+00  1.000000e+00
    outer loop
      vertex   5.905509e-01  1.305872e+00  3.149610e-01
      vertex   1.314497e-02  2.354662e+00  3.149610e-01
      vertex   0.000000e+00  2.211384e+00  3.149610e-01
    endloop
  endfacet
  facet normal  0.000000e+00  0.000000e+00 -1.000000e+00
    outer loop
      vertex   0.000000e+00  2.211384e+00  3.149610e-01
      vertex   1.314497e-02  2.354662e+00  3.149610e-01
      vertex   5.905509e-01  1.305872e+00  3.149610e-01
    endloop
  endfacet
  facet normal -9.958179e-01  9.136075e-02  0.000000e+00
    outer loop
      vertex   1.314497e-02  2.354662e+00 -4.015748e+00
      vertex   0.000000e+00  2.211384e+00 -4.015748e+00
      vertex   1.314497e-02  2.354662e+00  3.149610e-01
    endloop
  endfacet
  facet normal  9.958179e-01 -9.136075e-02  0.000000e+00
    outer loop
      vertex   1.314497e-02  2.354662e+00  3.149610e-01
      vertex   0.000000e+00  2.211384e+00 -4.015748e+00
      vertex   1.314497e-02  2.354662e+00 -4.015748e+00
    endloop
  endfacet
  facet normal  0.000000e+00  0.000000e+00 -1.000000e+00
    outer loop
      vertex   4.724383e-02 -9.382219e-01 -4.015748e+00
      vertex   0.000000e+00  2.211384e+00 -4.015748e+00
      vertex   4.724383e-02  2.211384e+00 -4.015748e+00
    endloop
  endfacet
  facet normal  0.000000e+00  0.000000e+00  1.000000e+00
    outer loop
      vertex   4.724383e-02  2.211384e+00 -4.015748e+00
      vertex   0.000000e+00  2.211384e+00 -4.015748e+00
      vertex   4.724383e-02 -9.382219e-01 -4.015748e+00
    endloop
  endfacet
  facet normal  9.958173e-01  9.136632e-02  0.000000e+00
    outer loop
      vertex   4.724383e-02 -9.382219e-01 -4.015748e+00
      vertex   5.960083e-02 -1.072903e+00  2.755909e-01
      vertex   5.960083e-02 -1.072903e+00 -4.015748e+00
    endloop
  endfacet
  facet normal -9.958173e-01 -9.136632e-02  0.000000e+00
    outer loop
      vertex   5.960083e-02 -1.072903e+00 -4.015748e+00
      vertex   5.960083e-02 -1.072903e+00  2.755909e-01
      vertex   4.724383e-02 -9.382219e-01 -4.015748e+00
    endloop
